i	k	etaik
0	0	0.000000
0	1	0.000000
0	2	1.000000
1	0	0.000000
1	1	0.000000
1	2	1.000000
2	0	0.000000
2	1	0.000000
2	2	1.000000
3	0	0.000000
3	1	0.000000
3	2	1.000000
4	0	0.000000
4	1	0.000000
4	2	1.000000
5	0	0.000000
5	1	0.000000
5	2	1.000000
6	0	0.000000
6	1	0.000000
6	2	1.000000
7	0	0.000000
7	1	0.000000
7	2	1.000000
8	0	0.000000
8	1	0.000000
8	2	1.000000
9	0	0.000000
9	1	0.000000
9	2	1.000000
10	0	0.000000
10	1	0.000000
10	2	1.000000
11	0	0.000000
11	1	0.000000
11	2	1.000000
12	0	0.648300
12	1	0.351700
12	2	0.000000
13	0	0.000000
13	1	0.000000
13	2	1.000000
14	0	0.000000
14	1	0.000000
14	2	1.000000
15	0	0.744108
15	1	0.000000
15	2	0.255892
16	0	1.000000
16	1	0.000000
16	2	0.000000
17	0	1.000000
17	1	0.000000
17	2	0.000000
18	0	1.000000
18	1	0.000000
18	2	0.000000
19	0	1.000000
19	1	0.000000
19	2	0.000000
20	0	1.000000
20	1	0.000000
20	2	0.000000
21	0	1.000000
21	1	0.000000
21	2	0.000000
22	0	1.000000
22	1	0.000000
22	2	0.000000
23	0	1.000000
23	1	0.000000
23	2	0.000000
24	0	1.000000
24	1	0.000000
24	2	0.000000
25	0	1.000000
25	1	0.000000
25	2	0.000000
26	0	1.000000
26	1	0.000000
26	2	0.000000
27	0	1.000000
27	1	0.000000
27	2	0.000000
28	0	1.000000
28	1	0.000000
28	2	0.000000
29	0	0.711208
29	1	0.000000
29	2	0.288792
30	0	1.000000
30	1	0.000000
30	2	0.000000
31	0	1.000000
31	1	0.000000
31	2	0.000000
32	0	1.000000
32	1	0.000000
32	2	0.000000
33	0	1.000000
33	1	0.000000
33	2	0.000000
34	0	1.000000
34	1	0.000000
34	2	0.000000
35	0	1.000000
35	1	0.000000
35	2	0.000000
36	0	1.000000
36	1	0.000000
36	2	0.000000
37	0	0.000000
37	1	0.000000
37	2	1.000000
38	0	0.000000
38	1	0.000000
38	2	1.000000
39	0	0.000000
39	1	0.000000
39	2	1.000000
40	0	0.000000
40	1	0.173325
40	2	0.826675
41	0	0.329911
41	1	0.000000
41	2	0.670089
42	0	0.000000
42	1	0.000000
42	2	1.000000
43	0	0.000000
43	1	0.000000
43	2	1.000000
44	0	1.000000
44	1	0.000000
44	2	0.000000
45	0	1.000000
45	1	0.000000
45	2	0.000000
46	0	0.904396
46	1	0.095496
46	2	0.000108
47	0	1.000000
47	1	0.000000
47	2	0.000000
48	0	1.000000
48	1	0.000000
48	2	0.000000
49	0	1.000000
49	1	0.000000
49	2	0.000000
50	0	1.000000
50	1	0.000000
50	2	0.000000
51	0	0.827870
51	1	0.001761
51	2	0.170369
52	0	1.000000
52	1	0.000000
52	2	0.000000
53	0	1.000000
53	1	0.000000
53	2	0.000000
54	0	1.000000
54	1	0.000000
54	2	0.000000
55	0	0.770495
55	1	0.175089
55	2	0.054416
56	0	1.000000
56	1	0.000000
56	2	0.000000
57	0	1.000000
57	1	0.000000
57	2	0.000000
58	0	1.000000
58	1	0.000000
58	2	0.000000
59	0	1.000000
59	1	0.000000
59	2	0.000000
60	0	1.000000
60	1	0.000000
60	2	0.000000
61	0	1.000000
61	1	0.000000
61	2	0.000000
62	0	1.000000
62	1	0.000000
62	2	0.000000
63	0	1.000000
63	1	0.000000
63	2	0.000000
64	0	1.000000
64	1	0.000000
64	2	0.000000
65	0	1.000000
65	1	0.000000
65	2	0.000000
66	0	1.000000
66	1	0.000000
66	2	0.000000
67	0	1.000000
67	1	0.000000
67	2	0.000000
68	0	0.000000
68	1	0.000000
68	2	1.000000
69	0	0.000000
69	1	0.000000
69	2	1.000000
70	0	0.000000
70	1	0.000000
70	2	1.000000
71	0	0.000000
71	1	0.000000
71	2	1.000000
72	0	0.000000
72	1	0.000000
72	2	1.000000
73	0	0.000000
73	1	0.000000
73	2	1.000000
74	0	0.000000
74	1	0.000000
74	2	1.000000
75	0	0.000000
75	1	0.000000
75	2	1.000000
76	0	0.156214
76	1	0.843786
76	2	0.000000
77	0	0.000000
77	1	1.000000
77	2	0.000000
78	0	0.000000
78	1	1.000000
78	2	0.000000
79	0	0.000000
79	1	1.000000
79	2	0.000000
80	0	0.000000
80	1	1.000000
80	2	0.000000
81	0	0.000000
81	1	1.000000
81	2	0.000000
82	0	0.000000
82	1	1.000000
82	2	0.000000
83	0	0.202003
83	1	0.797997
83	2	0.000000
84	0	0.000000
84	1	1.000000
84	2	0.000000
85	0	0.000000
85	1	1.000000
85	2	0.000000
86	0	0.000000
86	1	1.000000
86	2	0.000000
87	0	0.000000
87	1	1.000000
87	2	0.000000
88	0	0.000000
88	1	1.000000
88	2	0.000000
89	0	0.000000
89	1	1.000000
89	2	0.000000
90	0	0.000000
90	1	1.000000
90	2	0.000000
91	0	0.000000
91	1	1.000000
91	2	0.000000
92	0	0.000000
92	1	1.000000
92	2	0.000000
93	0	0.000000
93	1	1.000000
93	2	0.000000
94	0	0.000000
94	1	1.000000
94	2	0.000000
95	0	0.000000
95	1	1.000000
95	2	0.000000
96	0	0.000000
96	1	1.000000
96	2	0.000000
97	0	0.000000
97	1	1.000000
97	2	0.000000
98	0	0.000000
98	1	1.000000
98	2	0.000000
99	0	0.000000
99	1	1.000000
99	2	0.000000
100	0	0.000000
100	1	1.000000
100	2	0.000000
101	0	0.000000
101	1	1.000000
101	2	0.000000
102	0	0.000000
102	1	1.000000
102	2	0.000000
103	0	0.138940
103	1	0.861060
103	2	0.000000
104	0	0.234897
104	1	0.665353
104	2	0.099750
105	0	0.123525
105	1	0.876475
105	2	0.000000
106	0	0.096555
106	1	0.903445
106	2	0.000000
107	0	0.000000
107	1	1.000000
107	2	0.000000
108	0	0.000000
108	1	1.000000
108	2	0.000000
109	0	0.000000
109	1	1.000000
109	2	0.000000
110	0	0.000000
110	1	1.000000
110	2	0.000000
111	0	0.000000
111	1	1.000000
111	2	0.000000
112	0	0.155125
112	1	0.844875
112	2	0.000000
113	0	0.000000
113	1	1.000000
113	2	0.000000
114	0	0.000000
114	1	1.000000
114	2	0.000000
115	0	0.000000
115	1	1.000000
115	2	0.000000
116	0	0.000000
116	1	1.000000
116	2	0.000000
117	0	0.000000
117	1	1.000000
117	2	0.000000
118	0	0.000000
118	1	1.000000
118	2	0.000000
119	0	0.000000
119	1	1.000000
119	2	0.000000
120	0	0.197462
120	1	0.802538
120	2	0.000000
121	0	0.000000
121	1	1.000000
121	2	0.000000
122	0	0.000000
122	1	1.000000
122	2	0.000000
123	0	0.143554
123	1	0.856446
123	2	0.000000
124	0	0.000000
124	1	1.000000
124	2	0.000000
125	0	0.000000
125	1	1.000000
125	2	0.000000
126	0	0.000000
126	1	1.000000
126	2	0.000000
127	0	0.000000
127	1	1.000000
127	2	0.000000
128	0	0.000000
128	1	1.000000
128	2	0.000000
129	0	0.000000
129	1	1.000000
129	2	0.000000
130	0	0.000000
130	1	1.000000
130	2	0.000000
131	0	0.000000
131	1	1.000000
131	2	0.000000
132	0	0.000000
132	1	1.000000
132	2	0.000000
133	0	0.000000
133	1	1.000000
133	2	0.000000
134	0	0.000009
134	1	0.999991
134	2	0.000000
135	0	0.000000
135	1	1.000000
135	2	0.000000
136	0	0.000000
136	1	1.000000
136	2	0.000000
137	0	0.000000
137	1	1.000000
137	2	0.000000
138	0	0.000000
138	1	0.853497
138	2	0.146503
139	0	0.000000
139	1	1.000000
139	2	0.000000
140	0	0.580819
140	1	0.352822
140	2	0.066359
141	0	0.611031
141	1	0.388969
141	2	0.000000
142	0	0.000000
142	1	0.708437
142	2	0.291563
143	0	0.280549
143	1	0.523532
143	2	0.195919
144	0	0.242846
144	1	0.583235
144	2	0.173920
145	0	0.378125
145	1	0.459545
145	2	0.162330
146	0	0.001631
146	1	0.815701
146	2	0.182668
147	0	0.592534
147	1	0.201514
147	2	0.205952
148	0	0.671792
148	1	0.328208
148	2	0.000000
149	0	0.000000
149	1	1.000000
149	2	0.000000
150	0	0.000000
150	1	1.000000
150	2	0.000000
151	0	0.172246
151	1	0.827754
151	2	0.000000
152	0	0.281042
152	1	0.619378
152	2	0.099580
153	0	0.000000
153	1	0.000000
153	2	1.000000
154	0	0.536497
154	1	0.347510
154	2	0.115993
155	0	1.000000
155	1	0.000000
155	2	0.000000
156	0	1.000000
156	1	0.000000
156	2	0.000000
157	0	0.604439
157	1	0.395561
157	2	0.000000
158	0	0.574977
158	1	0.425023
158	2	0.000000
159	0	1.000000
159	1	0.000000
159	2	0.000000
160	0	1.000000
160	1	0.000000
160	2	0.000000
161	0	0.651472
161	1	0.182995
161	2	0.165533
162	0	0.864942
162	1	0.135058
162	2	0.000000
163	0	1.000000
163	1	0.000000
163	2	0.000000
164	0	1.000000
164	1	0.000000
164	2	0.000000
165	0	1.000000
165	1	0.000000
165	2	0.000000
166	0	1.000000
166	1	0.000000
166	2	0.000000
167	0	0.800500
167	1	0.199500
167	2	0.000000
168	0	1.000000
168	1	0.000000
168	2	0.000000
169	0	1.000000
169	1	0.000000
169	2	0.000000
170	0	1.000000
170	1	0.000000
170	2	0.000000
171	0	1.000000
171	1	0.000000
171	2	0.000000
172	0	1.000000
172	1	0.000000
172	2	0.000000
173	0	1.000000
173	1	0.000000
173	2	0.000000
174	0	1.000000
174	1	0.000000
174	2	0.000000
175	0	0.000000
175	1	0.000000
175	2	0.000000
176	0	0.000000
176	1	0.000000
176	2	0.000000
177	0	0.000000
177	1	0.000000
177	2	1.000000
178	0	0.000000
178	1	0.000000
178	2	1.000000
179	0	0.115267
179	1	0.000000
179	2	0.884733
180	0	0.000000
180	1	0.000000
180	2	1.000000
181	0	0.000000
181	1	0.000000
181	2	1.000000
182	0	0.000000
182	1	0.000000
182	2	1.000000
183	0	0.000000
183	1	0.000000
183	2	1.000000
184	0	0.000015
184	1	0.000000
184	2	0.999985
185	0	0.000000
185	1	0.000000
185	2	1.000000
186	0	0.000000
186	1	0.000000
186	2	1.000000
187	0	0.000000
187	1	0.000000
187	2	1.000000
188	0	0.000000
188	1	0.000000
188	2	1.000000
189	0	0.000000
189	1	0.000000
189	2	1.000000
190	0	0.000000
190	1	0.000000
190	2	1.000000
191	0	0.000000
191	1	0.000000
191	2	1.000000
192	0	0.000000
192	1	0.000000
192	2	1.000000
193	0	0.000000
193	1	0.000000
193	2	1.000000
194	0	0.000000
194	1	0.000000
194	2	1.000000
195	0	0.000000
195	1	0.000000
195	2	1.000000
196	0	0.000000
196	1	0.000000
196	2	1.000000
197	0	0.000000
197	1	0.000000
197	2	1.000000
198	0	0.000000
198	1	0.000000
198	2	1.000000
199	0	0.000000
199	1	0.000000
199	2	1.000000
200	0	0.000000
200	1	0.000000
200	2	1.000000
201	0	0.000000
201	1	0.173867
201	2	0.826133
202	0	0.000000
202	1	0.000000
202	2	0.000000
203	0	0.000000
203	1	0.833333
203	2	0.166667
204	0	0.309072
204	1	0.559587
204	2	0.131341
205	0	0.000000
205	1	1.000000
205	2	0.000000
206	0	0.068410
206	1	0.709493
206	2	0.222097
207	0	0.114289
207	1	0.748292
207	2	0.137420
208	0	0.456932
208	1	0.543068
208	2	0.000000
209	0	0.400000
209	1	0.600000
209	2	0.000000
210	0	0.170189
210	1	0.471079
210	2	0.358732
211	0	0.700874
211	1	0.299017
211	2	0.000109

