i	k	etaik
0	0	0.283552
0	1	0.000000
0	2	0.716448
1	0	0.000000
1	1	0.943794
1	2	0.056206
2	0	0.000000
2	1	0.606228
2	2	0.393772
3	0	0.161884
3	1	0.149518
3	2	0.688598
4	0	0.046889
4	1	0.319210
4	2	0.633901
5	0	0.087123
5	1	0.248506
5	2	0.664371
6	0	0.322717
6	1	0.273040
6	2	0.404244
7	0	0.232499
7	1	0.145784
7	2	0.621718
8	0	0.093166
8	1	0.477847
8	2	0.428987
9	0	0.149139
9	1	0.328657
9	2	0.522204
10	0	0.186362
10	1	0.627597
10	2	0.186041
11	0	0.269991
11	1	0.076572
11	2	0.653436
12	0	0.176256
12	1	0.421428
12	2	0.402316
13	0	0.000000
13	1	0.740451
13	2	0.259549
14	0	0.135707
14	1	0.794924
14	2	0.069370
15	0	0.000000
15	1	1.000000
15	2	0.000000
16	0	0.000000
16	1	0.465723
16	2	0.534277
17	0	0.126507
17	1	0.000000
17	2	0.873493
18	0	0.000000
18	1	0.338828
18	2	0.661172
19	0	0.405281
19	1	0.172229
19	2	0.422490
20	0	0.056364
20	1	0.179005
20	2	0.764632
21	0	0.016701
21	1	0.455596
21	2	0.527703
22	0	0.228695
22	1	0.382579
22	2	0.388726
23	0	0.274353
23	1	0.000000
23	2	0.725647
24	0	0.254139
24	1	0.000000
24	2	0.745861
25	0	0.000000
25	1	0.655050
25	2	0.344950
26	0	0.475780
26	1	0.000000
26	2	0.524220
27	0	0.503401
27	1	0.418464
27	2	0.078135
28	0	0.360060
28	1	0.461081
28	2	0.178858
29	0	0.000000
29	1	0.000000
29	2	1.000000
30	0	0.449665
30	1	0.061807
30	2	0.488528
31	0	0.240193
31	1	0.699682
31	2	0.060125
32	0	0.456772
32	1	0.309162
32	2	0.234067
33	0	0.274821
33	1	0.000000
33	2	0.725179
34	0	0.121989
34	1	0.060675
34	2	0.817336
35	0	0.000000
35	1	0.000000
35	2	1.000000
36	0	0.043915
36	1	0.244890
36	2	0.711195
37	0	0.114214
37	1	0.000000
37	2	0.885786
38	0	0.414369
38	1	0.000000
38	2	0.585631
39	0	0.173554
39	1	0.549500
39	2	0.276946
40	0	0.089101
40	1	0.565910
40	2	0.344989
41	0	0.202905
41	1	0.176854
41	2	0.620241
42	0	0.119254
42	1	0.205051
42	2	0.675694
43	0	0.155021
43	1	0.292139
43	2	0.552840
44	0	0.288946
44	1	0.000000
44	2	0.711054
45	0	0.124090
45	1	0.681206
45	2	0.194704
46	0	0.529345
46	1	0.000000
46	2	0.470655
47	0	0.238805
47	1	0.000000
47	2	0.761195
48	0	0.157168
48	1	0.545920
48	2	0.296912
49	0	0.099831
49	1	0.372843
49	2	0.527326
50	0	0.528693
50	1	0.189475
50	2	0.281832
51	0	0.277988
51	1	0.000000
51	2	0.722012
52	0	0.000000
52	1	0.694256
52	2	0.305744
53	0	0.215786
53	1	0.502418
53	2	0.281795
54	0	0.076284
54	1	0.669630
54	2	0.254086
55	0	0.029946
55	1	0.831026
55	2	0.139028
56	0	0.257140
56	1	0.412041
56	2	0.330819
57	0	0.524589
57	1	0.000000
57	2	0.475411
58	0	0.225765
58	1	0.108917
58	2	0.665318
59	0	0.492980
59	1	0.293120
59	2	0.213900
60	0	0.025231
60	1	0.771208
60	2	0.203561
61	0	0.284921
61	1	0.715079
61	2	0.000000
62	0	0.493230
62	1	0.473974
62	2	0.032796
63	0	0.164530
63	1	0.835470
63	2	0.000000
64	0	0.167016
64	1	0.656192
64	2	0.176791
65	0	0.234481
65	1	0.190641
65	2	0.574878
66	0	0.181576
66	1	0.441336
66	2	0.377088
67	0	0.295847
67	1	0.571986
67	2	0.132167
68	0	0.083038
68	1	0.342652
68	2	0.574310
69	0	0.009835
69	1	0.527081
69	2	0.463085
70	0	0.000000
70	1	0.665598
70	2	0.334402
71	0	0.120307
71	1	0.760388
71	2	0.119305
72	0	0.000241
72	1	0.577717
72	2	0.422042
73	0	0.136333
73	1	0.420516
73	2	0.443151
74	0	0.156349
74	1	0.612142
74	2	0.231508
75	0	0.294012
75	1	0.365280
75	2	0.340708
76	0	0.344619
76	1	0.513211
76	2	0.142170
77	0	0.548559
77	1	0.401564
77	2	0.049877
78	0	0.067454
78	1	0.411126
78	2	0.521420
79	0	0.255138
79	1	0.461646
79	2	0.283216
80	0	0.334309
80	1	0.664005
80	2	0.001687
81	0	0.068647
81	1	0.534717
81	2	0.396636
82	0	0.092519
82	1	0.535297
82	2	0.372184
83	0	0.422662
83	1	0.410426
83	2	0.166912
84	0	0.168542
84	1	0.551214
84	2	0.280244
85	0	0.161543
85	1	0.583960
85	2	0.254497
86	0	0.543026
86	1	0.288859
86	2	0.168115
87	0	0.166493
87	1	0.833507
87	2	0.000000
88	0	0.000000
88	1	0.218197
88	2	0.781803
89	0	0.205558
89	1	0.247499
89	2	0.546943
90	0	0.000000
90	1	0.758272
90	2	0.241728
91	0	0.000001
91	1	0.824782
91	2	0.175216
92	0	0.104224
92	1	0.459840
92	2	0.435935
93	0	0.337145
93	1	0.173841
93	2	0.489014
94	0	0.000000
94	1	1.000000
94	2	0.000000
95	0	0.177138
95	1	0.458155
95	2	0.364707
96	0	0.413490
96	1	0.205264
96	2	0.381246
97	0	0.152091
97	1	0.647285
97	2	0.200624
98	0	0.409455
98	1	0.115990
98	2	0.474555
99	0	0.000000
99	1	1.000000
99	2	0.000000
100	0	0.216566
100	1	0.783434
100	2	0.000000
101	0	0.159897
101	1	0.695625
101	2	0.144478
102	0	0.240539
102	1	0.759461
102	2	0.000000
103	0	0.130429
103	1	0.724597
103	2	0.144973
104	0	0.488993
104	1	0.277584
104	2	0.233422
105	0	0.464565
105	1	0.366612
105	2	0.168824
106	0	0.130946
106	1	0.716012
106	2	0.153042
107	0	0.455679
107	1	0.248443
107	2	0.295877
108	0	0.000000
108	1	1.000000
108	2	0.000000
109	0	0.000000
109	1	0.888569
109	2	0.111431
110	0	0.466108
110	1	0.533892
110	2	0.000000
111	0	0.266987
111	1	0.272857
111	2	0.460156
112	0	0.405849
112	1	0.483629
112	2	0.110522
113	0	0.785163
113	1	0.214837
113	2	0.000000
114	0	0.000000
114	1	0.741254
114	2	0.258746
115	0	0.356829
115	1	0.094814
115	2	0.548357
116	0	0.036571
116	1	0.574955
116	2	0.388473
117	0	0.000000
117	1	1.000000
117	2	0.000000
118	0	0.580365
118	1	0.419635
118	2	0.000000
119	0	0.412163
119	1	0.367826
119	2	0.220011
120	0	0.126233
120	1	0.632981
120	2	0.240787
121	0	0.246397
121	1	0.625382
121	2	0.128221
122	0	0.618440
122	1	0.381560
122	2	0.000000
123	0	0.226795
123	1	0.475472
123	2	0.297733
124	0	0.265899
124	1	0.433501
124	2	0.300600
125	0	0.335548
125	1	0.524506
125	2	0.139947
126	0	0.023720
126	1	0.288668
126	2	0.687612
127	0	0.267085
127	1	0.732915
127	2	0.000000
128	0	0.264772
128	1	0.721368
128	2	0.013860
129	0	0.197533
129	1	0.689499
129	2	0.112968
130	0	0.213375
130	1	0.525371
130	2	0.261254
131	0	0.158891
131	1	0.634030
131	2	0.207079
132	0	0.362576
132	1	0.353665
132	2	0.283759
133	0	0.342094
133	1	0.127354
133	2	0.530552
134	0	0.339924
134	1	0.660076
134	2	0.000000
135	0	0.400084
135	1	0.583739
135	2	0.016177
136	0	0.350737
136	1	0.649263
136	2	0.000000
137	0	0.344479
137	1	0.390512
137	2	0.265009
138	0	0.303280
138	1	0.696720
138	2	0.000000
139	0	0.192152
139	1	0.654291
139	2	0.153558
140	0	0.647134
140	1	0.352866
140	2	0.000000
141	0	0.482372
141	1	0.517628
141	2	0.000000
142	0	0.564938
142	1	0.435062
142	2	0.000000
143	0	0.080812
143	1	0.463742
143	2	0.455446
144	0	0.406801
144	1	0.408086
144	2	0.185113
145	0	0.560424
145	1	0.439576
145	2	0.000000
146	0	0.346794
146	1	0.653206
146	2	0.000000
147	0	0.420401
147	1	0.255915
147	2	0.323685
148	0	0.260063
148	1	0.599252
148	2	0.140685
149	0	0.178847
149	1	0.424039
149	2	0.397114
150	0	0.194623
150	1	0.564075
150	2	0.241302
151	0	0.618886
151	1	0.082831
151	2	0.298283
152	0	0.429027
152	1	0.570973
152	2	0.000000
153	0	0.756507
153	1	0.205942
153	2	0.037551
154	0	0.507491
154	1	0.373544
154	2	0.118965
155	0	0.634319
155	1	0.147823
155	2	0.217859
156	0	0.575000
156	1	0.072344
156	2	0.352656
157	0	0.741912
157	1	0.166275
157	2	0.091813
158	0	0.591694
158	1	0.267691
158	2	0.140616
159	0	0.733994
159	1	0.266006
159	2	0.000000
160	0	0.400545
160	1	0.346214
160	2	0.253241
161	0	0.484674
161	1	0.515326
161	2	0.000000
162	0	0.576312
162	1	0.299579
162	2	0.124109
163	0	0.170042
163	1	0.829958
163	2	0.000000
164	0	0.681042
164	1	0.000000
164	2	0.318958
165	0	0.424122
165	1	0.460779
165	2	0.115100
166	0	0.456207
166	1	0.427972
166	2	0.115821
167	0	0.270696
167	1	0.448051
167	2	0.281252
168	0	0.409386
168	1	0.199783
168	2	0.390831
169	0	0.366365
169	1	0.376292
169	2	0.257343
170	0	0.318967
170	1	0.528542
170	2	0.152490
171	0	0.350090
171	1	0.128680
171	2	0.521229
172	0	0.484596
172	1	0.097846
172	2	0.417558
173	0	0.297432
173	1	0.272423
173	2	0.430146
174	0	0.238556
174	1	0.761444
174	2	0.000000
175	0	0.355404
175	1	0.074214
175	2	0.570382
176	0	0.543994
176	1	0.330715
176	2	0.125291
177	0	0.668072
177	1	0.048943
177	2	0.282985
178	0	0.244027
178	1	0.498601
178	2	0.257372
179	0	0.312746
179	1	0.000000
179	2	0.687254
180	0	0.257357
180	1	0.284773
180	2	0.457870
181	0	0.533550
181	1	0.118871
181	2	0.347580
182	0	0.436823
182	1	0.000000
182	2	0.563177
183	0	0.454291
183	1	0.000000
183	2	0.545709
184	0	0.285198
184	1	0.354779
184	2	0.360023
185	0	1.000000
185	1	0.000000
185	2	0.000000
186	0	0.430014
186	1	0.000000
186	2	0.569986
187	0	0.391499
187	1	0.129623
187	2	0.478878
188	0	0.321729
188	1	0.394238
188	2	0.284033
189	0	0.520683
189	1	0.346137
189	2	0.133181
190	0	0.545998
190	1	0.203512
190	2	0.250490
191	0	0.714521
191	1	0.000000
191	2	0.285479
192	0	0.460489
192	1	0.451605
192	2	0.087906
193	0	0.535099
193	1	0.464901
193	2	0.000000
194	0	0.415750
194	1	0.099702
194	2	0.484547
195	0	0.487895
195	1	0.275389
195	2	0.236716
196	0	0.371683
196	1	0.000000
196	2	0.628317
197	0	0.335343
197	1	0.268245
197	2	0.396412
198	0	0.146965
198	1	0.332852
198	2	0.520184
199	0	0.713264
199	1	0.084163
199	2	0.202573

